[1] "F0003"
[1] 57.05462
[1] 18.42566
[1] "F0036"
[1] 45.87333
[1] 34.37279
[1] "F0029"
[1] 67.425
[1] 31.98138
[1] "F0021"
[1] 88.445
[1] 20.69438
[1] "F0011"
[1] 61.04
[1] 28.77285
[1] "F0040"
[1] 47.53909
[1] 33.62559
[1] "F0006"
[1] 62.48333
[1] 26.34799
[1] "F0026"
[1] 58.74
[1] 18.58783
[1] "F0039"
[1] 79.59333
[1] 21.32244
[1] "F0005"
[1] 38.67
[1] 41.2908
[1] "F0002"
[1] 82.36
[1] 23.79607
[1] "F0004"
[1] 66.235
[1] 20.85484
[1] "F0010"
[1] 61.49
[1] 29.68607
[1] "F0027"
[1] 58.017
[1] 36.47401
[1] "F0037"
[1] 65.65929
[1] 27.94788
[1] "F0001"
[1] 39.035
[1] 33.57784
[1] "F0009"
[1] 76.72333
[1] 21.62249
[1] "F0031"
[1] 53.28167
[1] 35.3335
[1] "F0025"
[1] 80.76667
[1] 20.64581
[1] "F0030"
[1] 64.295
[1] 31.39916
[1] "F0017"
[1] 89.54
[1] 11.77803
[1] "F0015"
[1] 50.67333
[1] 28.37847
[1] "F0014"
[1] 77.44
[1] 20.38088
[1] "F0046"
[1] 70.47
[1] 24.40213
[1] "F0032"
[1] 80.505
[1] 24.34426
[1] "F0022"
[1] 76.35
[1] 19.15612
[1] "F0042"
[1] 57.96
[1] 30.91726
[1] "F0043"
[1] 79.68
[1] 24.83964
[1] "F0034"
[1] 74.95
[1] 25.39362
[1] "F0013"
[1] 80.42
[1] 22.78985
[1] "F0012"
[1] 56.78
[1] 23.97456
[1] "F0045"
[1] 72.6
[1] 19.70489
[1] "F0024"
[1] 69.945
[1] 27.98334
[1] "F0028"
[1] 48.12
[1] 37.15794
[1] "F0020"
[1] 68.89
[1] 29.13774
[1] "F0000"
[1] 65.5
[1] 33.63965
[1] "F0038"
[1] 62.57
[1] 28.07791
[1] "F0007"
[1] 74.78
[1] 27.40367
[1] "F0035"
[1] 54.66
[1] 31.473
[1] "F0008"
[1] 60.83
[1] 31.7713
[1] "F0018"
[1] 77.95
[1] 23.94623
[1] "F0044"
[1] 72.56
[1] 28.18744
[1] "F0023"
[1] 66
[1] 31.37811
[1] "F0016"
[1] 60.98
[1] 32.47034
[1] "F0019"
[1] 75.93
[1] 27.13388
[1] "F0033"
[1] 38.74
[1] 24.15255
[1] "F0041"
[1] 34.77
[1] 33.40261
