[1] "F0003"
[1] 56.99038
[1] 18.46423
[1] "F0036"
[1] 43.9375
[1] 33.16348
[1] "F0029"
[1] 68.625
[1] 28.88488
[1] "F0021"
[1] 88.21406
[1] 19.80396
[1] "F0011"
[1] 60.725
[1] 25.79715
[1] "F0040"
[1] 44.94545
[1] 31.46382
[1] "F0006"
[1] 60.87083
[1] 25.44764
[1] "F0026"
[1] 58.775
[1] 17.63338
[1] "F0039"
[1] 79.45298
[1] 19.83452
[1] "F0005"
[1] 34.3125
[1] 39.80541
[1] "F0002"
[1] 80.95
[1] 23.99045
[1] "F0004"
[1] 64.55
[1] 18.15163
[1] "F0010"
[1] 58.9875
[1] 28.01152
[1] "F0027"
[1] 54.11625
[1] 35.36702
[1] "F0037"
[1] 64.40893
[1] 26.41808
[1] "F0001"
[1] 38.2125
[1] 33.08145
[1] "F0009"
[1] 76.34583
[1] 20.17603
[1] "F0031"
[1] 52.17083
[1] 33.61255
[1] "F0025"
[1] 79.275
[1] 21.00401
[1] "F0030"
[1] 61.30625
[1] 31.23073
[1] "F0017"
[1] 89.36875
[1] 10.78353
[1] "F0015"
[1] 48.14167
[1] 25.98657
[1] "F0014"
[1] 77.5625
[1] 20.35249
[1] "F0046"
[1] 70.65
[1] 21.10798
[1] "F0032"
[1] 80.2375
[1] 22.42345
[1] "F0022"
[1] 76.7875
[1] 16.53971
[1] "F0042"
[1] 55.7
[1] 29.70888
[1] "F0043"
[1] 80.375
[1] 22.51378
[1] "F0034"
[1] 75.75
[1] 23.29747
[1] "F0013"
[1] 82.6625
[1] 18.86189
[1] "F0012"
[1] 55.8125
[1] 19.6463
[1] "F0045"
[1] 71.45
[1] 17.85093
[1] "F0024"
[1] 68.2
[1] 27.38011
[1] "F0028"
[1] 46.1125
[1] 34.59531
[1] "F0020"
[1] 64.25
[1] 29.25899
[1] "F0000"
[1] 61.25
[1] 33.69277
[1] "F0038"
[1] 61.1625
[1] 26.59706
[1] "F0007"
[1] 75.2625
[1] 25.22393
[1] "F0035"
[1] 53.1375
[1] 28.26401
[1] "F0008"
[1] 62.1375
[1] 28.47861
[1] "F0018"
[1] 79.525
[1] 19.65009
[1] "F0044"
[1] 67.975
[1] 27.91668
[1] "F0023"
[1] 65.6875
[1] 29.57702
[1] "F0016"
[1] 60.4
[1] 30.17359
[1] "F0019"
[1] 75.15
[1] 26.29968
[1] "F0033"
[1] 37.925
[1] 23.22579
[1] "F0041"
[1] 31.0875
[1] 28.46192
