[1] "F0039"
[1] 5.997998e-07
        t 
-5.002188 
[1] 210
[1] "F0027"
[1] 0.3303095
         t 
-0.4403842 
[1] 100
[1] "F0040"
[1] 1.669273e-10
        t 
-6.914461 
[1] 110
[1] "F0041"
[1] 0.1168284
        t 
-1.276721 
[1] 10
[1] "F0020"
[1] 0.4107354
         t 
-0.2323405 
[1] 10
[1] "F0031"
[1] 3.973122e-09
        t 
-6.723128 
[1] 60
[1] "F0037"
[1] 4.97126e-07
        t 
-5.121068 
[1] 140
[1] "F0014"
[1] 0.1224691
        t 
-1.243957 
[1] 10
[1] "F0018"
[1] 0.001746135
        t 
-3.923515 
[1] 10
[1] "F0021"
[1] 0.007202427
        t 
-2.502272 
[1] 80
[1] "F0017"
[1] 0.06003249
        t 
-1.627668 
[1] 20
[1] "F0033"
[1] 0.2392238
         t 
-0.7394991 
[1] 10
[1] "F0044"
[1] 0.9043865
       t 
1.413231 
[1] 10
[1] "F0029"
[1] 6.278952e-05
        t 
-4.796044 
[1] 20
[1] "F0013"
[1] 0.0009391426
        t 
-4.339701 
[1] 10
[1] "F0005"
[1] 0.0610096
        t 
-1.706923 
[1] 10
[1] "F0015"
[1] 0.0004731774
        t 
-3.680112 
[1] 30
[1] "F0032"
[1] 0.08381531
        t 
-1.434693 
[1] 20
[1] "F0010"
[1] 0.1580812
        t 
-1.061392 
[1] 10
[1] "F0012"
[1] 0.000390464
        t 
-4.959622 
[1] 10
[1] "F0042"
[1] 0.2588776
         t 
-0.6731612 
[1] 10
[1] "F0038"
[1] 0.3680188
         t 
-0.3477292 
[1] 10
[1] "F0045"
[1] 0.004202522
        t 
-3.358809 
[1] 10
[1] "F0028"
[1] 0.03770422
        t 
-2.009339 
[1] 10
[1] "F0034"
[1] 0.02887868
        t 
-2.173774 
[1] 10
[1] "F0000"
[1] 0.9069126
       t 
1.431169 
[1] 10
[1] "F0009"
[1] 5.341164e-05
        t 
-4.481623 
[1] 30
[1] "F0043"
[1] 0.0695146
       t 
-1.62304 
[1] 10
[1] "F0016"
[1] 0.02092397
        t 
-2.370889 
[1] 10
[1] "F0004"
[1] 0.005022779
        t 
-2.858859 
[1] 20
[1] "F0011"
[1] 0.009279311
        t 
-2.867286 
[1] 10
[1] "F0024"
[1] 0.2428911
         t 
-0.7109004 
[1] 20
[1] "F0007"
[1] 0.01847425
        t 
-2.446828 
[1] 10
[1] "F0019"
[1] 0.1222772
        t 
-1.245051 
[1] 10
[1] "F0022"
[1] 0.01567226
        t 
-2.547081 
[1] 10
[1] "F0023"
[1] 0.02891973
        t 
-2.172902 
[1] 10
[1] "F0002"
[1] 0.1210527
        t 
-1.252065 
[1] 10
[1] "F0008"
[1] 0.0004276269
        t 
-4.893525 
[1] 10
[1] "F0035"
[1] 0.002044411
        t 
-3.820175 
[1] 10
