[1] "F0028"
[1] 85.20429
[1] 11.8371
[1] "F0032"
[1] 71.69
[1] 44.19646
[1] "F0002"
[1] 78.195
[1] 20.80508
[1] "F0003"
[1] 79.865
[1] 25.27133
[1] "F0017"
[1] 44.185
[1] 33.49553
[1] "F0016"
[1] 87.71
[1] 19.37315
[1] "F0040"
[1] 84.265
[1] 8.511581
[1] "F0023"
[1] 65.31
[1] 31.24371
[1] "F0008"
[1] 66.59
[1] 27.21411
[1] "F0043"
[1] 83.53
[1] 31.20135
[1] "F0041"
[1] 48.29
[1] 41.80626
[1] "F0001"
[1] 82.26909
[1] 20.91023
[1] "F0038"
[1] 55.14571
[1] 33.51239
[1] "F0033"
[1] 55.73
[1] 35.98593
[1] "F0014"
[1] 65.33333
[1] 23.41045
[1] "F0018"
[1] 53.96
[1] 28.85104
[1] "F0013"
[1] 72.83
[1] 7.529142
[1] "F0010"
[1] 89.47
[1] 16.01858
[1] "F0039"
[1] 78.62
[1] 26.06169
[1] "F0022"
[1] 73.368
[1] 26.48954
[1] "F0000"
[1] 55.59
[1] 17.76678
[1] "F0021"
[1] 69.47
[1] 27.98068
[1] "F0019"
[1] 64.81
[1] 28.5702
[1] "F0027"
[1] 56.38333
[1] 32.46181
[1] "F0030"
[1] 67.54
[1] 15.80399
[1] "F0020"
[1] 80.04
[1] 23.13025
[1] "F0009"
[1] 74.77
[1] 29.92207
[1] "F0015"
[1] 43.05
[1] 30.05294
[1] "F0011"
[1] 67.68
[1] 22.6871
[1] "F0012"
[1] 53.49
[1] 35.3309
[1] "F0031"
[1] 45.02727
[1] 35.03493
[1] "F0004"
[1] 53.92
[1] 23.90836
[1] "F0024"
[1] 57.31667
[1] 36.12108
[1] "F0005"
[1] 80.86
[1] 26.54519
[1] "F0037"
[1] 65.694
[1] 19.52483
[1] "F0006"
[1] 65.67
[1] 31.33109
[1] "F0036"
[1] 56.2
[1] 26.73476
[1] "F0025"
[1] 65.12333
[1] 29.16499
[1] "F0044"
[1] 69.26
[1] 23.95181
[1] "F0045"
[1] 60.74
[1] 33.02819
[1] "F0035"
[1] 57.48
[1] 26.16606
[1] "F0042"
[1] 79.85
[1] 16.79368
[1] "F0026"
[1] 52.11667
[1] 23.16719
[1] "F0029"
[1] 34.96
[1] 29.72905
[1] "F0007"
[1] 81.63
[1] 19.77278
[1] "F0034"
[1] 71.78
[1] 31.25606
