[1] "F0028"
[1] 85.14464
[1] 11.79091
[1] "F0032"
[1] 69.6
[1] 45.002
[1] "F0002"
[1] 79.8875
[1] 16.4989
[1] "F0003"
[1] 80.6125
[1] 23.60151
[1] "F0017"
[1] 42.04375
[1] 31.11135
[1] "F0016"
[1] 88.7125
[1] 16.72351
[1] "F0040"
[1] 84.10625
[1] 9.169677
[1] "F0023"
[1] 64.68438
[1] 29.34986
[1] "F0008"
[1] 65.4625
[1] 26.0136
[1] "F0043"
[1] 82.825
[1] 32.4126
[1] "F0041"
[1] 47.3375
[1] 40.01454
[1] "F0001"
[1] 81.72273
[1] 20.51
[1] "F0038"
[1] 54.03929
[1] 31.46288
[1] "F0033"
[1] 54.4125
[1] 34.41103
[1] "F0014"
[1] 64.82917
[1] 19.67497
[1] "F0018"
[1] 52.7375
[1] 26.91936
[1] "F0013"
[1] 72.5
[1] 7.121015
[1] "F0010"
[1] 89.1125
[1] 16.02608
[1] "F0039"
[1] 78.83125
[1] 25.27415
[1] "F0022"
[1] 74.08
[1] 23.98399
[1] "F0000"
[1] 55.1
[1] 18.35211
[1] "F0021"
[1] 69.7625
[1] 26.26122
[1] "F0019"
[1] 63.4875
[1] 27.26104
[1] "F0027"
[1] 55.10833
[1] 31.23773
[1] "F0030"
[1] 68.7375
[1] 14.53912
[1] "F0020"
[1] 80.2125
[1] 22.0211
[1] "F0009"
[1] 73.65
[1] 29.73133
[1] "F0015"
[1] 38.025
[1] 26.06369
[1] "F0011"
[1] 64.875
[1] 21.39051
[1] "F0012"
[1] 51.3
[1] 33.03063
[1] "F0031"
[1] 42.20341
[1] 32.96146
[1] "F0004"
[1] 51.5875
[1] 20.12222
[1] "F0024"
[1] 53.9875
[1] 34.89524
[1] "F0005"
[1] 80.4125
[1] 27.52154
[1] "F0037"
[1] 63.2625
[1] 17.52173
[1] "F0006"
[1] 65.9875
[1] 30.46413
[1] "F0036"
[1] 52.95
[1] 25.70421
[1] "F0025"
[1] 65.30417
[1] 26.9028
[1] "F0044"
[1] 68.6625
[1] 23.13305
[1] "F0045"
[1] 61.375
[1] 31.37256
[1] "F0035"
[1] 54.95
[1] 24.79141
[1] "F0042"
[1] 78.7625
[1] 16.36703
[1] "F0026"
[1] 51.42917
[1] 22.48931
[1] "F0029"
[1] 31.4625
[1] 24.57278
[1] "F0007"
[1] 82.3125
[1] 19.14012
[1] "F0034"
[1] 70.675
[1] 30.17492
