[1] "F0006"
[1] 0.004812065
        t 
-3.273799 
[1] 10
[1] "F0001"
[1] 0.001428469
        t 
-3.051868 
[1] 110
[1] "F0017"
[1] 4.246674e-05
        t 
-4.970408 
[1] 20
[1] "F0020"
[1] 0.01545003
        t 
-2.555785 
[1] 10
[1] "F0037"
[1] 0.0139625
       t 
-2.26568 
[1] 50
[1] "F0031"
[1] 1.945193e-11
        t 
-7.348507 
[1] 110
[1] "F0039"
[1] 0.02988287
        t 
-2.002031 
[1] 20
[1] "F0044"
[1] 0.4741959
          t 
-0.06655408 
[1] 10
[1] "F0038"
[1] 2.393795e-11
        t 
-7.792587 
[1] 70
[1] "F0015"
[1] 0.3603217
         t 
-0.3690221 
[1] 10
[1] "F0004"
[1] 0.004766493
        t 
-3.279756 
[1] 10
[1] "F0016"
[1] 0.02957819
        t 
-2.159076 
[1] 10
[1] "F0023"
[1] 0.0001820657
        t 
-3.904335 
[1] 40
[1] "F0024"
[1] 0.05201373
        t 
-1.678337 
[1] 30
[1] "F0032"
[1] 0.2464839
         t 
-0.7146099 
[1] 10
[1] "F0040"
[1] 0.9239812
       t 
1.492307 
[1] 20
[1] "F0011"
[1] 0.09471014
        t 
-1.419598 
[1] 10
[1] "F0025"
[1] 2.527538e-06
        t 
-5.581034 
[1] 30
[1] "F0010"
[1] 0.199519
         t 
-0.8852841 
[1] 10
[1] "F0002"
[1] 3.444307e-07
        t 
-7.258433 
[1] 20
[1] "F0045"
[1] 0.02007442
        t 
-2.396176 
[1] 10
[1] "F0014"
[1] 7.932537e-07
        t 
-6.001441 
[1] 30
[1] "F0027"
[1] 4.10672e-06
        t 
-5.405885 
[1] 30
[1] "F0035"
[1] 0.002970895
        t 
-3.096462 
[1] 20
[1] "F0003"
[1] 0.0008845298
        t 
-3.633322 
[1] 20
[1] "F0008"
[1] 0.009632712
        t 
-2.844366 
[1] 10
[1] "F0013"
[1] 0.2739989
         t 
-0.6241878 
[1] 10
[1] "F0021"
[1] 0.0003543644
        t 
-5.030662 
[1] 10
[1] "F0022"
[1] 0.0002345646
        t 
-3.749029 
[1] 50
[1] "F0012"
[1] 0.01376256
      t 
-2.6263 
[1] 10
[1] "F0005"
[1] 0.2568761
         t 
-0.6797709 
[1] 10
[1] "F0007"
[1] 0.00594281
        t 
-3.142212 
[1] 10
[1] "F0036"
[1] 0.2437815
         t 
-0.7238192 
[1] 10
[1] "F0041"
[1] 0.001401192
        t 
-4.069348 
[1] 10
[1] "F0019"
[1] 0.02683445
        t 
-2.218802 
[1] 10
[1] "F0042"
[1] 0.01795164
       t 
-2.46432 
[1] 10
[1] "F0043"
[1] 0.3567698
         t 
-0.3789092 
[1] 10
[1] "F0000"
[1] 0.236797
         t 
-0.7479263 
[1] 10
[1] "F0033"
[1] 0.002386945
        t 
-3.719557 
[1] 10
[1] "F0018"
[1] 0.01318634
       t 
-2.65239 
[1] 10
[1] "F0030"
[1] 0.9128521
       t 
1.475073 
[1] 10
[1] "F0034"
[1] 0.16751
        t 
-1.018537 
[1] 10
[1] "F0029"
[1] 0.01119411
        t 
-2.752414 
[1] 10
[1] "F0009"
[1] 0.1958273
         t 
-0.8998232 
[1] 10
